<type 'str'>
<type 'str'>
<type 'str'>
0       -1.0
1       -1.0
2       -1.0
3       -1.0
4       -1.0
5       -1.0
6       -1.0
7       -1.0
8       -1.0
9       -1.0
10      -1.0
11      -1.0
12      -1.0
13      -1.0
14      -1.0
15      -1.0
16      -1.0
17      -1.0
18      -1.0
19      -1.0
20      -1.0
21      -1.0
22      -1.0
23      -1.0
24      -1.0
25      -1.0
26      -1.0
27      -1.0
28      -1.0
29      -1.0
        ... 
3832    -1.0
3833    -1.0
3834    -1.0
3835    -1.0
3836    -1.0
3837    -1.0
3838    -1.0
3839    -1.0
3840    -1.0
3841    -1.0
3842    -1.0
3843    -1.0
3844    -1.0
3845    -1.0
3846    -1.0
3847    -1.0
3848    -1.0
3849    -1.0
3850    -1.0
3851    -1.0
3852    -1.0
3853    -1.0
3854    -1.0
3855    -1.0
3856    -1.0
3857    -1.0
3858    -1.0
3859    -1.0
3860    -1.0
3861    -1.0
Name: depth, dtype: object
